t	Ecin	Epot	Rg	buf4	buf5
100.000000	0.329685	-5.535372	3.625145	14.887883	-0.015318
101.000000	0.328372	-5.546385	3.612646	14.795760	-0.015355
102.000000	0.327106	-5.556076	3.600522	14.706052	-0.015333
103.000000	0.326435	-5.568409	3.588275	14.616403	-0.015222
104.000000	0.325556	-5.580359	3.576095	14.527685	-0.015124
105.000000	0.324594	-5.593852	3.564353	14.441619	-0.014933
106.000000	0.323776	-5.605802	3.552952	14.357742	-0.014722
107.000000	0.323226	-5.614806	3.541824	14.275710	-0.014497
108.000000	0.323204	-5.624164	3.530172	14.191821	-0.014204
109.000000	0.322609	-5.634743	3.518254	14.107289	-0.014049
110.000000	0.321715	-5.647332	3.506270	14.023046	-0.014067
111.000000	0.321161	-5.658699	3.494934	13.942252	-0.013989
112.000000	0.320266	-5.666800	3.484575	13.866444	-0.013679
113.000000	0.319105	-5.675242	3.473870	13.789535	-0.013373
114.000000	0.318318	-5.685169	3.463058	13.712648	-0.013031
115.000000	0.317650	-5.694639	3.453427	13.641666	-0.012721
116.000000	0.316708	-5.701639	3.444653	13.575209	-0.012479
117.000000	0.315665	-5.708969	3.435482	13.507265	-0.012181
118.000000	0.314582	-5.715398	3.425923	13.437922	-0.011914
119.000000	0.313952	-5.722510	3.416288	13.368661	-0.011793
120.000000	0.313916	-5.727376	3.407298	13.302795	-0.011692
121.000000	0.313773	-5.731546	3.398642	13.238887	-0.011480
122.000000	0.314217	-5.740364	3.389759	13.174299	-0.011092
123.000000	0.314306	-5.748114	3.381985	13.115356	-0.010684
124.000000	0.313798	-5.755059	3.375146	13.061372	-0.010425
125.000000	0.313497	-5.761978	3.367987	13.006098	-0.010295
126.000000	0.313731	-5.770511	3.360063	12.947466	-0.010210
127.000000	0.314330	-5.780661	3.351141	12.884577	-0.010178
128.000000	0.315286	-5.792098	3.341694	12.819765	-0.010214
129.000000	0.315145	-5.802911	3.332505	12.756432	-0.010341
130.000000	0.314448	-5.813252	3.323647	12.694898	-0.010499
131.000000	0.313836	-5.824162	3.314670	12.633204	-0.010651
132.000000	0.312809	-5.836529	3.305875	12.572638	-0.010840
133.000000	0.311566	-5.848399	3.297301	12.513372	-0.011101
134.000000	0.310563	-5.861313	3.288992	12.455583	-0.011438
135.000000	0.309596	-5.875267	3.280535	12.397477	-0.011843
136.000000	0.308603	-5.889229	3.272185	12.340149	-0.012185
137.000000	0.307711	-5.902590	3.263895	12.283392	-0.012526
138.000000	0.307096	-5.914578	3.255801	12.227787	-0.012912
139.000000	0.306327	-5.925754	3.247851	12.173097	-0.013299
140.000000	0.305630	-5.936245	3.239966	12.118983	-0.013740
141.000000	0.304776	-5.947864	3.232268	12.065955	-0.014159
142.000000	0.304049	-5.958705	3.224696	12.013753	-0.014545
143.000000	0.303290	-5.967375	3.217176	11.962045	-0.014883
144.000000	0.302563	-5.974990	3.209902	11.911671	-0.015112
145.000000	0.302274	-5.982016	3.203033	11.863327	-0.015274
146.000000	0.301866	-5.988894	3.196486	11.816663	-0.015311
147.000000	0.301509	-5.994895	3.190325	11.771981	-0.015283
148.000000	0.301163	-5.999683	3.184940	11.731151	-0.015209
149.000000	0.300747	-6.005595	3.179982	11.692583	-0.015055
150.000000	0.300095	-6.010666	3.175022	11.654198	-0.014945
151.000000	0.299682	-6.014724	3.170646	11.618883	-0.014827
152.000000	0.299562	-6.018075	3.166353	11.584161	-0.014644
153.000000	0.299304	-6.020702	3.161239	11.545607	-0.014458
154.000000	0.299509	-6.024193	3.155032	11.502242	-0.014264
155.000000	0.300205	-6.029420	3.148676	11.458417	-0.014196
156.000000	0.301087	-6.034748	3.142415	11.415206	-0.014248
157.000000	0.301647	-6.039017	3.136285	11.372770	-0.014443
158.000000	0.301518	-6.042887	3.130358	11.331422	-0.014753
159.000000	0.301509	-6.047086	3.124357	11.289941	-0.015050
160.000000	0.301700	-6.052936	3.118071	11.247433	-0.015287
161.000000	0.301686	-6.059130	3.111946	11.205806	-0.015470
162.000000	0.301721	-6.065875	3.105713	11.163915	-0.015582
163.000000	0.302324	-6.073465	3.099544	11.122488	-0.015627
164.000000	0.303298	-6.081941	3.093474	11.081662	-0.015529
165.000000	0.304622	-6.090764	3.087433	11.041145	-0.015265
166.000000	0.305679	-6.098506	3.081448	11.001049	-0.014835
167.000000	0.305855	-6.104574	3.075879	10.962895	-0.014427
168.000000	0.306011	-6.110808	3.070631	10.926299	-0.014068
169.000000	0.306251	-6.119141	3.065179	10.888979	-0.013757
170.000000	0.306498	-6.128743	3.059663	10.851552	-0.013558
171.000000	0.306992	-6.136942	3.054245	10.814708	-0.013465
172.000000	0.307710	-6.143064	3.049357	10.780320	-0.013473
173.000000	0.308251	-6.149185	3.044446	10.745980	-0.013532
174.000000	0.308794	-6.155202	3.039716	10.712581	-0.013607
175.000000	0.309155	-6.162117	3.035047	10.679600	-0.013662
176.000000	0.309280	-6.167299	3.030694	10.648174	-0.013720
177.000000	0.309420	-6.169977	3.026497	10.617584	-0.013844
178.000000	0.309280	-6.174372	3.022269	10.586988	-0.013951
179.000000	0.308969	-6.179016	3.017922	10.555982	-0.013992
180.000000	0.308818	-6.183174	3.013304	10.523901	-0.014011
181.000000	0.308983	-6.187350	3.008967	10.493196	-0.013977
182.000000	0.308752	-6.191383	3.004792	10.463332	-0.013874
183.000000	0.308324	-6.196051	3.000746	10.434179	-0.013751
184.000000	0.308005	-6.201364	2.996688	10.405084	-0.013600
185.000000	0.307694	-6.206214	2.992734	10.376579	-0.013455
186.000000	0.307511	-6.210481	2.988897	10.348715	-0.013296
187.000000	0.307802	-6.212904	2.985358	10.322336	-0.013085
188.000000	0.308338	-6.211660	2.982288	10.298283	-0.012888
189.000000	0.308924	-6.210134	2.979173	10.274110	-0.012817
190.000000	0.309578	-6.209104	2.975763	10.248644	-0.012791
191.000000	0.309689	-6.207254	2.972969	10.226226	-0.012726
192.000000	0.310198	-6.204278	2.970854	10.207291	-0.012673
193.000000	0.310863	-6.200907	2.970091	10.195779	-0.012611
194.000000	0.311853	-6.197592	2.970814	10.193095	-0.012563
195.000000	0.312752	-6.192846	2.971575	10.190727	-0.012468
196.000000	0.313133	-6.187384	2.972031	10.186534	-0.012490
197.000000	0.313524	-6.183745	2.972518	10.182605	-0.012501
198.000000	0.313763	-6.181121	2.972877	10.177965	-0.012626
199.000000	0.313634	-6.178018	2.973470	10.174831	-0.012839
